00000000 00000000 00000000 00000000
00100000 00100001 00000000 00001010
00000000 00000000 00000000 00000000
00000000 00000000 00000000 00000000
00100000 00100101 11111111 11111111
00100000 11000110 00000000 00000000
00100000 00000010 00000000 00000000
00100000 00000011 00000000 00000000
00100000 00000100 00000000 00000000
00010000 10100110 00000000 00111000
00000000 00000000 00000000 00000000
00000000 00000000 00000000 00000000
00100000 11000111 00000000 00000000
00100000 00000010 00000000 00000000
00100000 00000011 00000000 00000000
00000000 00000111 01000000 10000000
00000000 00000000 00000000 00000000
00000000 00000000 00000000 00000000
00000000 01101000 00011000 00100000
00000000 00000110 01000000 10000000
00000000 00000000 00000000 00000000
00000000 00000000 00000000 00000000
00000000 01001000 00010000 00100000
00100000 11001001 00000000 00000000
00000000 00000000 00000000 00000000
00000000 00000000 00000000 00000000
00100001 00101001 00000000 00000001
00000000 00000000 00000000 00000000
00000000 00000000 00000000 00000000
00010000 00101001 00000000 00011000
00000000 00000000 00000000 00000000
00000000 00000000 00000000 00000000
00100000 00000100 00000000 00000000
10001100 01101011 00000000 00000000
00000000 00001001 01010000 10000000
00000000 00000000 00000000 00000000
00000000 00000000 00000000 00000000
00000000 10001010 00100000 00100000
00000000 00000000 00000000 00000000
00000000 00000000 00000000 00000000
10001100 10001100 00000000 00000000
00000000 00000000 00000000 00000000
00000000 00000000 00000000 00000000
00000001 01101100 01101000 00101010
00000000 00000000 00000000 00000000
00000000 00000000 00000000 00000000
00010001 10100000 00000000 00000100
00000000 00000000 00000000 00000000
00000000 00000000 00000000 00000000
00100001 00100111 00000000 00000000
00000000 10000000 00011000 00100000
00100001 00101001 00000000 00000001
00000000 00000000 00000000 00000000
00001000 00000000 00000000 00011101
00010000 11100110 00000000 00001000
00000000 00000000 00000000 00000000
00000000 00000000 00000000 00000000
10001100 01101011 00000000 00000000
10001100 01001110 00000000 00000000
00000000 00000000 00000000 00000000
00000000 00000000 00000000 00000000
10101100 01101110 00000000 00000000
10101100 01001011 00000000 00000000
00100000 11000110 00000000 00000001
00000000 00000000 00000000 00000000
00001000 00000000 00000000 00001001
00000000 00000000 00000000 00000000
