00000000 00000000 00000000 00000000
00100010 00010000 00000000 00101000
00000000 00000000 00000000 00000000
00100001 00101001 00000000 00000000
00100010 00001000 11111111 11111100
00000000 00000000 00000000 00000000
00000000 00000000 00000000 00000000
00010001 00001001 00000000 01011011
00000000 00000000 00000000 00000000
00000000 00000000 00000000 00000000
00100001 00101011 00000000 00000000
00100001 00101010 00000000 00000100
00100001 00110001 00000000 00000100
00100001 00101100 00000000 00000100
00100001 00101110 00000000 00001000
00100001 00110010 00000000 00001000
00100001 00101101 00000000 00001000
00100001 00101111 00000000 00001100
00010010 00001010 00000000 00010000
00000000 00000000 00000000 00000000
00000000 00000000 00000000 00000000
10001101 01110101 00000000 00000000
10001101 01010110 00000000 00000000
00000000 00000000 00000000 00000000
00000000 00000000 00000000 00000000
00000010 10110110 10111000 00101010
00000000 00000000 00000000 00000000
00000000 00000000 00000000 00000000
00010010 11100000 00000000 00000011
00000000 00000000 00000000 00000000
00000000 00000000 00000000 00000000
00100001 01001011 00000000 00000000
00100001 01001010 00000000 00000100
00000000 00000000 00000000 00000000
00001000 00000000 00000000 00010010
00010001 01101001 00000000 00001000
00000000 00000000 00000000 00000000
00000000 00000000 00000000 00000000
10001101 01110101 00000000 00000000
10001101 00110111 00000000 00000000
00000000 00000000 00000000 00000000
00000000 00000000 00000000 00000000
10101101 01110111 00000000 00000000
10101101 00110101 00000000 00000000
00010010 00001110 00000000 00010000
00000000 00000000 00000000 00000000
00000000 00000000 00000000 00000000
10001101 10010101 00000000 00000000
10001101 11010110 00000000 00000000
00000000 00000000 00000000 00000000
00000000 00000000 00000000 00000000
00000010 10110110 10111000 00101010
00000000 00000000 00000000 00000000
00000000 00000000 00000000 00000000
00010010 11100000 00000000 00000011
00000000 00000000 00000000 00000000
00000000 00000000 00000000 00000000
00100001 11001100 00000000 00000000
00100001 11001110 00000000 00000100
00000000 00000000 00000000 00000000
00001000 00000000 00000000 00101100
00010001 10010001 00000000 00001000
00000000 00000000 00000000 00000000
00000000 00000000 00000000 00000000
10001101 10010101 00000000 00000000
10001110 00110111 00000000 00000000
00000000 00000000 00000000 00000000
00000000 00000000 00000000 00000000
10101101 10010111 00000000 00000000
10101110 00110101 00000000 00000000
00010010 00001111 00000000 00010000
00000000 00000000 00000000 00000000
00000000 00000000 00000000 00000000
10001101 10110101 00000000 00000000
10001101 11110110 00000000 00000000
00000000 00000000 00000000 00000000
00000000 00000000 00000000 00000000
00000010 10110110 10111000 00101010
00000000 00000000 00000000 00000000
00000000 00000000 00000000 00000000
00010010 11100000 00000000 00000011
00000000 00000000 00000000 00000000
00000000 00000000 00000000 00000000
00100001 11101101 00000000 00000000
00100001 11101111 00000000 00000100
00000000 00000000 00000000 00000000
00001000 00000000 00000000 01000110
00010001 10110010 00000000 00001000
00000000 00000000 00000000 00000000
00000000 00000000 00000000 00000000
10001101 10110101 00000000 00000000
10001110 01010111 00000000 00000000
00000000 00000000 00000000 00000000
00000000 00000000 00000000 00000000
10101101 10110111 00000000 00000000
10101110 01010101 00000000 00000000
00100001 00101001 00000000 00001100
00000000 00000000 00000000 00000000
00001000 00000000 00000000 00000111
00000000 00000000 00000000 00000000